   36   48    285.44    231.00
IP=I:INUNDATED AREA, IP=M:UN-INUNDATED AREA
  1  MMMMMMMMMMMMMMMMMMMMMMMMMMMMMMMMMMMM
  2  MMMMMMMMMMMMMMMMMMMMMMMMMMMIIIIMMMMM
  3  MMMMMMMMMMMMMMMMMMMMMIIMMMMIIIIMMMMM
  4  MMMMMMMMMMMMMMMMMMMMMIIIIIIIIIIMMMMM
  5  MMMMMMMMMMMMMMMMMMMMIIIIIIIIIIIMMMMM
  6  MMMMMMMMMMMMMMMMMMMIIIIIIIIIIIIMMMMM
  7  MMMMMMMMMMMMMMMMMMMIIIIIIIIIIIIMMMMM
  8  MMMMMMMMMMMMMMMMMMIIIIIIIIIIIIIMMMMM
  9  MMMMMMMMMMMMMMMMMMIIIIIIIIIIIIIMMMMM
 10  MMMMMMMMMMMMMMMMMIIIIIIIIIIIIIIMMMMM
 11  MMMMMMMMMMMMMMMMMIIIIIIIIIIIIIIMMMMM
 12  MMMMMMMMMMMMMMMMMIIIIIIIIIIIIIIMMMMM
 13  MMMMMMMMMMMMMMMMMIIIIIIIIIIIIIIMMMMM
 14  MMMMMMMMMMMMMMMMMMIIIIIIIIIIIIIMMMMM
 15  MMMMMMMMMMMMMMMMMMIIIIIIIIIIIIIMMMMM
 16  MMMMMMMMMMMMMMMMMMIIIIIIIIIIIIIMMMMM
 17  MMMMMMMMMMMMMMMMMIIIIIIIIIIIIIIMMMMM
 18  MMMMMMMMMMMMMMMMMIIIIIIIIIIIIIIMMMMM
 19  MMMMMMMMMMMMMMMMIIIIIIIIIIIIIIIMMMMM
 20  MMMMMMMMMMMMMMMMIIIIIIIIIIIIIIIIIIIM
 21  MMMMMMMMMMMMMMIIIIIIIIIIIIIIIIIIIIIM
 22  MMMMMMMMMMMMIIIIIIIIIIIIIIIIIIIIIIIM
 23  MMMMMMMMMMMIIIIIIIIIIIIIIIIIIIIIIIIM
 24  MMMMMMMMMMIIIIIIIIIIIIIIIIIIIIIIIIIM
 25  MMMMMMMMMIIIIIIIIIIIIIIIIIIIIIIIIIIM
 26  MMMMMMIIIIIIIIIIIIIIIIIIIIIIIIIIIIIM
 27  MMMMIIIIIIIIIIIIIIIIIIIIIIIIIIIIIIIM
 28  MMMIIIIIIIIIIIIIIIIIIIIIIIIIIIIIIIIM
 29  MIIIIIIIIIIIIIIIIIIIIIIIIIIIIIIIIIMM
 30  MIIIIIIIIIIIIIIIIIIIIIIIIIIIIIIIIIMM
 31  MMMMIIIIIIIIIIIIIIIIIIIIIIIIIIIIIIMM
 32  MMMMMMIIIIIIIIIIIIIIIIIIIIIIIIIIIMMM
 33  MMMMMMMMIIIIIIIIIIIIIIIIIIIIIIIIMMMM
 34  MMMMMMMMMIIIIIIIIIIIIIIIIIIIIIIIIMMM
 35  MMMMMMMMMMIIIIIIIIIIIIIIIIIIIIIIMMMM
 36  MMMMMMMMMMIIIIIIIIIIIIIIIIIIIIMMMMMM
 37  MMMMMMMMMMMIIIIIIIIIIIIIIIIIIMMMMMMM
 38  MMMMMMMMMMMMIIIIIIIIIIIIIIIIIMMMMMMM
 39  MMMMMMMMMMMMIIIIIIIIIIIIIIIIIMMMMMMM
 40  MMMMMMMMMMMMIIIIIIIIIIIIIIIIIMMMMMMM
 41  MMMMMMMMMMMMMIIIIIIIIIIIIIIIIMMMMMMM
 42  MMMMMMMMMMMMMMMMMIIIIIIIIIIIMMMMMMMM
 43  MMMMMMMMMMMMMMMMMMMIIIIIIIIIMMMMMMMM
 44  MMMMMMMMMMMMMMMMMMMMIIIIIIIIMMMMMMMM
 45  MMMMMMMMMMMMMMMMMMMMIIIIIIIIMMMMMMMM
 46  MMMMMMMMMMMMMMMMMMMMMIIIIIMMMMMMMMMM
 47  MMMMMMMMMMMMMMMMMMMMMMMIIMMMMMMMMMMM
 48  MMMMMMMMMMMMMMMMMMMMMMMMMMMMMMMMMMMM
ZB(OP,m)
  1    100.00  100.00  100.00  100.00  100.00  100.00  100.00  100.00
       100.00  100.00  100.00  100.00  100.00  100.00  100.00  100.00
       100.00  100.00  100.00  100.00  100.00  100.00  100.00  100.00
       100.00  100.00  100.00  100.00  100.00  100.00  100.00  100.00
       100.00  100.00  100.00  100.00
  2    100.00  100.00  100.00  100.00  100.00  100.00  100.00  100.00
       100.00  100.00  100.00  100.00  100.00  100.00  100.00  100.00
       100.00  100.00  100.00  100.00  100.00  100.00  100.00  100.00
       100.00  100.00  100.00   20.70   21.00   22.03   21.50  100.00
       100.00  100.00  100.00  100.00
  3    100.00  100.00  100.00  100.00  100.00  100.00  100.00  100.00
       100.00  100.00  100.00  100.00  100.00  100.00  100.00  100.00
       100.00  100.00  100.00  100.00  100.00   18.70   18.70  100.00
       100.00  100.00  100.00   20.64   20.90   21.05   21.40  100.00
       100.00  100.00  100.00  100.00
  4    100.00  100.00  100.00  100.00  100.00  100.00  100.00  100.00
       100.00  100.00  100.00  100.00  100.00  100.00  100.00  100.00
       100.00  100.00  100.00  100.00  100.00   18.59   18.71   19.05
        19.50   19.50   19.75   20.41   20.53   21.29   28.33  100.00
       100.00  100.00  100.00  100.00
  5    100.00  100.00  100.00  100.00  100.00  100.00  100.00  100.00
       100.00  100.00  100.00  100.00  100.00  100.00  100.00  100.00
       100.00  100.00  100.00  100.00   18.14   18.36   18.44   19.00
        19.75   20.11   19.68   19.65   20.53   20.67   31.50  100.00
       100.00  100.00  100.00  100.00
  6    100.00  100.00  100.00  100.00  100.00  100.00  100.00  100.00
       100.00  100.00  100.00  100.00  100.00  100.00  100.00  100.00
       100.00  100.00  100.00   17.50   18.40   18.07   18.35   18.48
        18.95   19.32   19.01   19.68   19.42   25.30   33.09  100.00
       100.00  100.00  100.00  100.00
  7    100.00  100.00  100.00  100.00  100.00  100.00  100.00  100.00
       100.00  100.00  100.00  100.00  100.00  100.00  100.00  100.00
       100.00  100.00  100.00   17.25   17.56   17.87   17.85   18.10
        18.50   18.62   18.88   19.70   21.42   33.53   49.82  100.00
       100.00  100.00  100.00  100.00
  8    100.00  100.00  100.00  100.00  100.00  100.00  100.00  100.00
       100.00  100.00  100.00  100.00  100.00  100.00  100.00  100.00
       100.00  100.00   17.10   17.10   17.08   17.27   17.54   17.91
        18.07   18.59   18.64   18.74   29.23   43.03   63.10  100.00
       100.00  100.00  100.00  100.00
  9    100.00  100.00  100.00  100.00  100.00  100.00  100.00  100.00
       100.00  100.00  100.00  100.00  100.00  100.00  100.00  100.00
       100.00  100.00   17.00   17.14   16.74   17.07   17.19   17.47
        17.64   18.07   20.94   24.80   48.00   56.60   57.13  100.00
       100.00  100.00  100.00  100.00
 10    100.00  100.00  100.00  100.00  100.00  100.00  100.00  100.00
       100.00  100.00  100.00  100.00  100.00  100.00  100.00  100.00
       100.00   17.00   16.83   16.84   16.74   16.75   17.03   17.07
        17.40   17.60   19.85   25.64   40.58   53.75   64.20  100.00
       100.00  100.00  100.00  100.00
 11    100.00  100.00  100.00  100.00  100.00  100.00  100.00  100.00
       100.00  100.00  100.00  100.00  100.00  100.00  100.00  100.00
       100.00   17.00   17.18   16.34   16.38   16.47   17.47   17.27
        17.53   18.50   27.69   35.52   48.15   64.20   68.32  100.00
       100.00  100.00  100.00  100.00
 12    100.00  100.00  100.00  100.00  100.00  100.00  100.00  100.00
       100.00  100.00  100.00  100.00  100.00  100.00  100.00  100.00
       100.00   16.50   16.53   15.98   15.99   16.12   17.13   17.61
        17.71   20.64   27.87   32.72   46.78   58.95   73.50  100.00
       100.00  100.00  100.00  100.00
 13    100.00  100.00  100.00  100.00  100.00  100.00  100.00  100.00
       100.00  100.00  100.00  100.00  100.00  100.00  100.00  100.00
       100.00   16.00   15.70   15.73   15.97   16.05   16.16   16.93
        18.66   21.74   30.97   37.83   51.47   62.64  107.25  100.00
       100.00  100.00  100.00  100.00
 14    100.00  100.00  100.00  100.00  100.00  100.00  100.00  100.00
       100.00  100.00  100.00  100.00  100.00  100.00  100.00  100.00
       100.00  100.00   16.32   15.74   15.77   16.09   16.20   17.50
        18.26   22.06   30.28   41.25   55.88   85.10   83.65  100.00
       100.00  100.00  100.00  100.00
 15    100.00  100.00  100.00  100.00  100.00  100.00  100.00  100.00
       100.00  100.00  100.00  100.00  100.00  100.00  100.00  100.00
       100.00  100.00   15.44   15.12   15.60   15.63   15.87   18.61
        26.57   46.40   44.30   51.60   62.77   72.40   81.93  100.00
       100.00  100.00  100.00  100.00
 16    100.00  100.00  100.00  100.00  100.00  100.00  100.00  100.00
       100.00  100.00  100.00  100.00  100.00  100.00  100.00  100.00
       100.00  100.00   15.33   15.37   15.47   15.40   16.33   22.05
        27.76   33.99   44.17   60.67   71.73   87.73   86.85  100.00
       100.00  100.00  100.00  100.00
 17    100.00  100.00  100.00  100.00  100.00  100.00  100.00  100.00
       100.00  100.00  100.00  100.00  100.00  100.00  100.00  100.00
       100.00   15.00   15.20   14.98   15.04   14.97   14.90   21.73
        28.55   36.39   47.17   52.13   60.03   64.77   81.23  100.00
       100.00  100.00  100.00  100.00
 18    100.00  100.00  100.00  100.00  100.00  100.00  100.00  100.00
       100.00  100.00  100.00  100.00  100.00  100.00  100.00  100.00
       100.00   14.67   15.05   14.47   14.34   14.46   15.37   22.42
        28.87   34.77   48.37   65.77   81.10   86.67  101.20  100.00
       100.00  100.00  100.00  100.00
 19    100.00  100.00  100.00  100.00  100.00  100.00  100.00  100.00
       100.00  100.00  100.00  100.00  100.00  100.00  100.00  100.00
        14.50   14.50   14.64   14.23   14.45   14.34   16.84   19.63
        28.17   37.65   48.36   63.50   74.73   83.30   96.97  100.00
       100.00  100.00  100.00  100.00
 20    100.00  100.00  100.00  100.00  100.00  100.00  100.00  100.00
       100.00  100.00  100.00  100.00  100.00  100.00  100.00  100.00
        14.40   14.33   14.13   14.31   14.02   15.50   16.92   21.75
        26.58   35.25   40.36   58.13   68.35   72.62   96.67  116.90
       115.63  138.93  138.70  100.00
 21    100.00  100.00  100.00  100.00  100.00  100.00  100.00  100.00
       100.00  100.00  100.00  100.00  100.00  100.00   13.80   13.80
        13.41   14.27   13.75   14.12   14.13   14.84   15.95   23.84
        32.24   36.39   45.98   56.70   63.27   67.30  101.00   96.48
       119.33  120.00  130.00  100.00
 22    100.00  100.00  100.00  100.00  100.00  100.00  100.00  100.00
       100.00  100.00  100.00  100.00   13.80   13.92   13.60   14.36
        13.90   13.70   13.36   13.70   13.95   14.50   15.00   21.68
        27.38   34.37   41.00   47.60   60.83   71.80   81.40   91.25
       114.25  120.00  120.80  100.00
 23    100.00  100.00  100.00  100.00  100.00  100.00  100.00  100.00
       100.00  100.00  100.00   14.92   13.69   14.91   13.69   13.60
        12.53   13.46   13.34   13.90   14.30   14.86   15.42   17.47
        22.30   38.45   46.20   53.50   61.28   74.00   83.47   92.83
        98.22  102.83  133.70  100.00
 24    100.00  100.00  100.00  100.00  100.00  100.00  100.00  100.00
       100.00  100.00   13.65   13.54   13.41   13.07   13.43   13.47
        12.73   12.61   12.60   14.51   13.80   14.55   15.84   21.52
        22.73   21.81   42.70   57.62   60.58   68.30   72.40   82.34
        79.57  107.17  122.00  100.00
 25    100.00  100.00  100.00  100.00  100.00  100.00  100.00  100.00
       100.00   13.70   14.44   13.07   12.86   13.15   13.23   12.87
        12.03   12.18   13.69   12.61   13.21   13.77   14.30   19.27
        22.42   32.70   40.00   48.50   41.38   67.10   73.33   70.50
        61.37   89.93   98.20  100.00
 26    100.00  100.00  100.00  100.00  100.00  100.00   12.75   12.80
        12.84   13.61   14.19   12.48   12.92   12.98   12.80   12.10
        12.23   12.27   13.73   12.85   12.31   12.79   12.70   13.90
        19.80   28.29   36.73   41.80   52.15   53.35   50.68   53.18
        75.13   76.35   85.70  100.00
 27    100.00  100.00  100.00  100.00   12.00   12.50   12.73   13.65
        12.20   15.24   12.74   13.52   12.57   12.42   12.20   12.30
        11.66   12.19   13.19   12.29   11.91   12.35   13.36   12.50
        19.70   28.01   35.19   39.90   48.25   52.08   39.83   45.39
        50.20   54.67   60.00  100.00
 28    100.00  100.00  100.00   11.63   11.62   12.48   13.13   13.16
        12.28   12.34   12.28   12.89   11.23   11.23   11.78   12.08
        11.96   11.20   12.02   12.70   12.38   12.16   12.18   12.73
        23.48   26.09   34.37   34.90   35.90   40.00   27.32   31.65
        27.00   24.10   28.50  100.00
 29    100.00   11.50   11.17   11.33   11.48   12.11   13.35   12.39
        12.23   12.01   12.15   12.70   11.36   11.36   11.52   10.87
        11.12   11.06   11.08   11.55   11.33   11.90   11.80   12.00
        14.63   18.47   21.30   27.70   32.00   25.53   20.05   22.30
        21.54   22.43  100.00  100.00
 30    100.00   11.80   11.80   11.23   11.54   11.81   12.16   12.25
        12.10   11.96   12.06   12.61   10.94   10.94   11.03   10.12
        10.86   10.80   11.01   11.34   10.96   11.20   12.00   11.38
        11.43   12.03   13.65   19.17   21.95   14.98   16.20   19.20
        16.00   16.66  100.00  100.00
 31    100.00  100.00  100.00  100.00   12.00   12.50   13.24   12.62
        12.06   11.85   12.48   11.00   11.17   11.01   10.26    9.66
         9.50   10.17   10.69   10.40   10.30   10.55   10.33   10.76
        11.30   10.40   12.68   15.20   12.62   13.65   13.50   15.80
        16.75   16.70  100.00  100.00
 32    100.00  100.00  100.00  100.00  100.00  100.00   12.97   12.70
        11.85   11.98   12.03   10.82   11.72   10.82   10.18    9.53
         9.71    9.77    9.85   10.36   10.19   10.73   10.06   10.30
        10.29   11.75   12.60   15.05   13.06   13.49   14.76   14.43
        15.50  100.00  100.00  100.00
 33    100.00  100.00  100.00  100.00  100.00  100.00  100.00  100.00
        11.08   11.98   12.14   11.08   10.60    9.93    9.87    9.95
         9.10    9.00    9.30    9.62    9.10    9.35    9.87    9.81
         9.90   11.52   12.21   13.60   12.85   13.37   13.33   14.01
       100.00  100.00  100.00  100.00
 34    100.00  100.00  100.00  100.00  100.00  100.00  100.00  100.00
       100.00   10.53   11.42   10.98   10.69    8.77   11.82    9.47
         9.46    9.51    9.64    9.61    9.54   10.07    9.77   10.09
        10.15   10.15   11.28   11.97   12.33   13.08   12.80   13.00
        13.50  100.00  100.00  100.00
 35    100.00  100.00  100.00  100.00  100.00  100.00  100.00  100.00
       100.00  100.00    9.88   11.97   10.70   11.03   10.67    9.79
         9.64    9.34    9.44    9.47    8.80    9.52   10.02    9.60
         9.73   11.20   10.93   11.70   12.35   12.93   13.21   13.25
       100.00  100.00  100.00  100.00
 36    100.00  100.00  100.00  100.00  100.00  100.00  100.00  100.00
       100.00  100.00   10.90   11.91   12.00   11.53   10.95    9.80
         9.03    9.60    9.51    9.93    9.53   10.30    9.70   10.22
        11.47   11.12   12.12   12.42   12.81   13.21  100.00  100.00
       100.00  100.00  100.00  100.00
 37    100.00  100.00  100.00  100.00  100.00  100.00  100.00  100.00
       100.00  100.00  100.00   10.75   10.75   11.07   10.33    9.78
         9.74    9.92    9.39    8.90    9.71    9.23   10.57   10.83
        11.72   12.81   12.52   13.58   13.47  100.00  100.00  100.00
       100.00  100.00  100.00  100.00
 38    100.00  100.00  100.00  100.00  100.00  100.00  100.00  100.00
       100.00  100.00  100.00  100.00   11.26   11.25   10.87    9.81
        10.01    9.79    9.85   10.13   10.00   10.96   10.70   12.90
        11.52   12.06   13.34   12.98   13.25  100.00  100.00  100.00
       100.00  100.00  100.00  100.00
 39    100.00  100.00  100.00  100.00  100.00  100.00  100.00  100.00
       100.00  100.00  100.00  100.00   11.50   11.17   10.97   10.10
         9.70    9.65   10.17   10.58   10.28   10.85   10.00   11.54
        12.48   11.57   12.92   12.83   13.00  100.00  100.00  100.00
       100.00  100.00  100.00  100.00
 40    100.00  100.00  100.00  100.00  100.00  100.00  100.00  100.00
       100.00  100.00  100.00  100.00   11.70   11.78   11.44   10.83
        10.85    9.93   10.64   10.00   10.29   10.81   10.85   10.69
        11.34   11.87   12.30   12.71   12.85  100.00  100.00  100.00
       100.00  100.00  100.00  100.00
 41    100.00  100.00  100.00  100.00  100.00  100.00  100.00  100.00
       100.00  100.00  100.00  100.00  100.00   11.50   11.27   11.10
        11.40   11.24   11.46   11.03   11.18   11.70   10.45   10.47
        11.66   11.40   11.95   12.69   12.75  100.00  100.00  100.00
       100.00  100.00  100.00  100.00
 42    100.00  100.00  100.00  100.00  100.00  100.00  100.00  100.00
       100.00  100.00  100.00  100.00  100.00  100.00  100.00  100.00
       100.00   11.40   11.55   11.76   10.80   12.33   10.32   10.52
        10.42   11.58   12.32   12.22  100.00  100.00  100.00  100.00
       100.00  100.00  100.00  100.00
 43    100.00  100.00  100.00  100.00  100.00  100.00  100.00  100.00
       100.00  100.00  100.00  100.00  100.00  100.00  100.00  100.00
       100.00  100.00  100.00   12.00   12.25   11.35   10.20   11.59
        12.50   12.10   12.40   12.51  100.00  100.00  100.00  100.00
       100.00  100.00  100.00  100.00
 44    100.00  100.00  100.00  100.00  100.00  100.00  100.00  100.00
       100.00  100.00  100.00  100.00  100.00  100.00  100.00  100.00
       100.00  100.00  100.00  100.00   12.50   12.85   10.72   11.84
        12.53   12.69   12.78   12.97  100.00  100.00  100.00  100.00
       100.00  100.00  100.00  100.00
 45    100.00  100.00  100.00  100.00  100.00  100.00  100.00  100.00
       100.00  100.00  100.00  100.00  100.00  100.00  100.00  100.00
       100.00  100.00  100.00  100.00   14.35   14.37   13.37   12.95
        12.83   13.05   13.93   12.50  100.00  100.00  100.00  100.00
       100.00  100.00  100.00  100.00
 46    100.00  100.00  100.00  100.00  100.00  100.00  100.00  100.00
       100.00  100.00  100.00  100.00  100.00  100.00  100.00  100.00
       100.00  100.00  100.00  100.00  100.00   14.30   14.23   13.34
        13.31   13.18  100.00  100.00  100.00  100.00  100.00  100.00
       100.00  100.00  100.00  100.00
 47    100.00  100.00  100.00  100.00  100.00  100.00  100.00  100.00
       100.00  100.00  100.00  100.00  100.00  100.00  100.00  100.00
       100.00  100.00  100.00  100.00  100.00  100.00  100.00   13.40
        13.40  100.00  100.00  100.00  100.00  100.00  100.00  100.00
       100.00  100.00  100.00  100.00
 48    100.00  100.00  100.00  100.00  100.00  100.00  100.00  100.00
       100.00  100.00  100.00  100.00  100.00  100.00  100.00  100.00
       100.00  100.00  100.00  100.00  100.00  100.00  100.00  100.00
       100.00  100.00  100.00  100.00  100.00  100.00  100.00  100.00
       100.00  100.00  100.00  100.00
MANNING ROUGHNESS
  1      .100    .100    .100    .100    .100    .100    .100    .100
         .100    .100    .100    .100    .100    .100    .100    .100
         .100    .100    .100    .100    .100    .100    .100    .100
         .100    .100    .100    .100    .100    .100    .100    .100
         .100    .100    .100    .100
  2      .100    .100    .100    .100    .100    .100    .100    .100
         .100    .100    .100    .100    .100    .100    .100    .100
         .100    .100    .100    .100    .100    .100    .100    .100
         .100    .100    .100    .025    .025    .025    .025    .100
         .100    .100    .100    .100
  3      .100    .100    .100    .100    .100    .100    .100    .100
         .100    .100    .100    .100    .100    .100    .100    .100
         .100    .100    .100    .100    .100    .025    .060    .100
         .100    .100    .100    .025    .025    .025    .025    .100
         .100    .100    .100    .100
  4      .100    .100    .100    .100    .100    .100    .100    .100
         .100    .100    .100    .100    .100    .100    .100    .100
         .100    .100    .100    .100    .100    .025    .060    .060
         .060    .025    .025    .060    .025    .025    .060    .100
         .100    .100    .100    .100
  5      .100    .100    .100    .100    .100    .100    .100    .100
         .100    .100    .100    .100    .100    .100    .100    .100
         .100    .100    .100    .100    .025    .025    .025    .060
         .060    .060    .025    .060    .025    .025    .060    .100
         .100    .100    .100    .100
  6      .100    .100    .100    .100    .100    .100    .100    .100
         .100    .100    .100    .100    .100    .100    .100    .100
         .100    .100    .100    .025    .025    .025    .025    .025
         .025    .025    .025    .025    .060    .060    .040    .100
         .100    .100    .100    .100
  7      .100    .100    .100    .100    .100    .100    .100    .100
         .100    .100    .100    .100    .100    .100    .100    .100
         .100    .100    .100    .025    .025    .025    .025    .025
         .025    .025    .025    .060    .060    .025    .040    .100
         .100    .100    .100    .100
  8      .100    .100    .100    .100    .100    .100    .100    .100
         .100    .100    .100    .100    .100    .100    .100    .100
         .100    .100    .025    .025    .025    .025    .025    .025
         .025    .025    .025    .060    .040    .040    .040    .100
         .100    .100    .100    .100
  9      .100    .100    .100    .100    .100    .100    .100    .100
         .100    .100    .100    .100    .100    .100    .100    .100
         .100    .100    .025    .025    .025    .025    .025    .025
         .025    .025    .025    .025    .040    .040    .040    .100
         .100    .100    .100    .100
 10      .100    .100    .100    .100    .100    .100    .100    .100
         .100    .100    .100    .100    .100    .100    .100    .100
         .100    .025    .025    .025    .025    .060    .060    .025
         .025    .025    .060    .060    .025    .040    .040    .100
         .100    .100    .100    .100
 11      .100    .100    .100    .100    .100    .100    .100    .100
         .100    .100    .100    .100    .100    .100    .100    .100
         .100    .025    .025    .025    .025    .060    .060    .060
         .060    .060    .060    .060    .060    .040    .040    .100
         .100    .100    .100    .100
 12      .100    .100    .100    .100    .100    .100    .100    .100
         .100    .100    .100    .100    .100    .100    .100    .100
         .100    .025    .025    .025    .025    .060    .060    .060
         .060    .060    .060    .060    .040    .060    .040    .100
         .100    .100    .100    .100
 13      .100    .100    .100    .100    .100    .100    .100    .100
         .100    .100    .100    .100    .100    .100    .100    .100
         .100    .025    .025    .025    .025    .025    .025    .060
         .060    .060    .060    .060    .060    .040    .040    .100
         .100    .100    .100    .100
 14      .100    .100    .100    .100    .100    .100    .100    .100
         .100    .100    .100    .100    .100    .100    .100    .100
         .100    .100    .025    .025    .025    .025    .025    .060
         .060    .060    .060    .060    .060    .060    .060    .100
         .100    .100    .100    .100
 15      .100    .100    .100    .100    .100    .100    .100    .100
         .100    .100    .100    .100    .100    .100    .100    .100
         .100    .100    .025    .025    .025    .025    .060    .060
         .060    .060    .060    .060    .060    .040    .040    .100
         .100    .100    .100    .100
 16      .100    .100    .100    .100    .100    .100    .100    .100
         .100    .100    .100    .100    .100    .100    .100    .100
         .100    .100    .025    .025    .025    .060    .060    .060
         .060    .025    .060    .040    .040    .040    .040    .100
         .100    .100    .100    .100
 17      .100    .100    .100    .100    .100    .100    .100    .100
         .100    .100    .100    .100    .100    .100    .100    .100
         .100    .025    .025    .025    .025    .025    .060    .060
         .060    .025    .025    .040    .040    .040    .040    .100
         .100    .100    .100    .100
 18      .100    .100    .100    .100    .100    .100    .100    .100
         .100    .100    .100    .100    .100    .100    .100    .100
         .100    .025    .025    .025    .025    .025    .060    .060
         .060    .060    .060    .060    .040    .040    .040    .100
         .100    .100    .100    .100
 19      .100    .100    .100    .100    .100    .100    .100    .100
         .100    .100    .100    .100    .100    .100    .100    .100
         .025    .025    .025    .025    .025    .025    .025    .060
         .060    .025    .060    .040    .040    .040    .040    .100
         .100    .100    .100    .100
 20      .100    .100    .100    .100    .100    .100    .100    .100
         .100    .100    .100    .100    .100    .100    .100    .100
         .025    .025    .025    .025    .025    .060    .060    .060
         .060    .060    .060    .060    .060    .040    .040    .040
         .040    .040    .040    .100
 21      .100    .100    .100    .100    .100    .100    .100    .100
         .100    .100    .100    .100    .100    .100    .025    .025
         .025    .025    .025    .025    .025    .060    .060    .060
         .060    .060    .060    .060    .060    .040    .060    .040
         .040    .040    .040    .100
 22      .100    .100    .100    .100    .100    .100    .100    .100
         .100    .100    .100    .100    .025    .025    .025    .025
         .060    .025    .025    .060    .060    .060    .060    .060
         .060    .060    .060    .060    .060    .040    .060    .040
         .040    .040    .040    .100
 23      .100    .100    .100    .100    .100    .100    .100    .100
         .100    .100    .100    .025    .025    .025    .060    .025
         .060    .060    .060    .060    .060    .060    .060    .060
         .060    .060    .060    .060    .060    .060    .060    .040
         .040    .040    .040    .100
 24      .100    .100    .100    .100    .100    .100    .100    .100
         .100    .100    .060    .025    .025    .025    .060    .060
         .060    .060    .060    .060    .060    .060    .060    .060
         .060    .060    .060    .060    .060    .060    .060    .040
         .040    .040    .040    .100
 25      .100    .100    .100    .100    .100    .100    .100    .100
         .100    .025    .060    .060    .025    .025    .060    .060
         .060    .025    .025    .060    .025    .060    .060    .060
         .060    .060    .060    .060    .060    .060    .040    .040
         .040    .040    .040    .100
 26      .100    .100    .100    .100    .100    .100    .025    .025
         .025    .025    .025    .060    .025    .060    .060    .060
         .060    .025    .025    .025    .025    .060    .060    .060
         .060    .060    .060    .060    .060    .060    .060    .060
         .040    .040    .040    .100
 27      .100    .100    .100    .100    .025    .025    .025    .060
         .060    .025    .025    .060    .025    .025    .060    .060
         .025    .025    .025    .025    .025    .060    .060    .060
         .060    .060    .060    .060    .060    .040    .040    .060
         .060    .060    .040    .100
 28      .100    .100    .100    .025    .025    .025    .025    .060
         .025    .025    .025    .025    .025    .025    .025    .060
         .060    .060    .025    .025    .025    .025    .025    .025
         .060    .060    .060    .060    .060    .040    .060    .060
         .060    .060    .060    .100
 29      .100    .025    .025    .025    .025    .025    .025    .025
         .025    .025    .025    .025    .025    .025    .025    .025
         .025    .025    .025    .025    .025    .025    .025    .060
         .060    .060    .060    .060    .040    .040    .060    .060
         .060    .060    .100    .100
 30      .100    .025    .025    .025    .025    .025    .025    .025
         .025    .025    .060    .025    .025    .060    .025    .025
         .025    .025    .025    .025    .025    .025    .025    .060
         .060    .060    .060    .025    .060    .025    .060    .060
         .060    .060    .100    .100
 31      .100    .100    .100    .100    .025    .025    .025    .025
         .025    .025    .025    .025    .025    .060    .025    .025
         .025    .025    .025    .025    .025    .025    .025    .025
         .060    .060    .025    .060    .060    .025    .060    .060
         .060    .060    .100    .100
 32      .100    .100    .100    .100    .100    .100    .025    .025
         .025    .025    .025    .025    .025    .025    .025    .025
         .025    .025    .025    .025    .025    .025    .025    .025
         .060    .060    .060    .060    .025    .025    .060    .060
         .060    .100    .100    .100
 33      .100    .100    .100    .100    .100    .100    .100    .100
         .025    .025    .025    .025    .025    .025    .025    .025
         .025    .025    .025    .025    .025    .025    .025    .025
         .025    .060    .060    .060    .025    .025    .060    .025
         .100    .100    .100    .100
 34      .100    .100    .100    .100    .100    .100    .100    .100
         .100    .025    .025    .025    .025    .025    .025    .025
         .025    .025    .025    .025    .025    .025    .025    .025
         .025    .025    .025    .025    .025    .025    .025    .060
         .060    .100    .100    .100
 35      .100    .100    .100    .100    .100    .100    .100    .100
         .100    .100    .025    .025    .025    .025    .025    .025
         .025    .025    .025    .025    .025    .025    .025    .025
         .025    .025    .025    .025    .025    .025    .025    .025
         .100    .100    .100    .100
 36      .100    .100    .100    .100    .100    .100    .100    .100
         .100    .100    .025    .060    .060    .025    .025    .025
         .025    .025    .025    .025    .025    .025    .025    .025
         .025    .025    .025    .025    .025    .025    .100    .100
         .100    .100    .100    .100
 37      .100    .100    .100    .100    .100    .100    .100    .100
         .100    .100    .100    .025    .025    .025    .025    .025
         .025    .025    .025    .025    .025    .025    .025    .025
         .025    .025    .025    .025    .025    .100    .100    .100
         .100    .100    .100    .100
 38      .100    .100    .100    .100    .100    .100    .100    .100
         .100    .100    .100    .100    .025    .025    .025    .025
         .025    .025    .025    .025    .025    .025    .025    .025
         .025    .025    .025    .060    .060    .100    .100    .100
         .100    .100    .100    .100
 39      .100    .100    .100    .100    .100    .100    .100    .100
         .100    .100    .100    .100    .025    .025    .025    .025
         .025    .025    .025    .025    .025    .025    .025    .025
         .025    .025    .025    .060    .060    .100    .100    .100
         .100    .100    .100    .100
 40      .100    .100    .100    .100    .100    .100    .100    .100
         .100    .100    .100    .100    .025    .025    .025    .025
         .025    .025    .025    .025    .025    .025    .025    .025
         .025    .025    .025    .025    .025    .100    .100    .100
         .100    .100    .100    .100
 41      .100    .100    .100    .100    .100    .100    .100    .100
         .100    .100    .100    .100    .100    .025    .025    .025
         .025    .025    .025    .025    .025    .025    .025    .025
         .025    .025    .025    .025    .025    .100    .100    .100
         .100    .100    .100    .100
 42      .100    .100    .100    .100    .100    .100    .100    .100
         .100    .100    .100    .100    .100    .100    .100    .100
         .100    .025    .025    .025    .025    .025    .025    .025
         .025    .025    .025    .025    .100    .100    .100    .100
         .100    .100    .100    .100
 43      .100    .100    .100    .100    .100    .100    .100    .100
         .100    .100    .100    .100    .100    .100    .100    .100
         .100    .100    .100    .025    .025    .025    .025    .025
         .025    .025    .025    .025    .100    .100    .100    .100
         .100    .100    .100    .100
 44      .100    .100    .100    .100    .100    .100    .100    .100
         .100    .100    .100    .100    .100    .100    .100    .100
         .100    .100    .100    .100    .025    .025    .025    .025
         .025    .025    .025    .025    .100    .100    .100    .100
         .100    .100    .100    .100
 45      .100    .100    .100    .100    .100    .100    .100    .100
         .100    .100    .100    .100    .100    .100    .100    .100
         .100    .100    .100    .100    .060    .060    .060    .060
         .025    .025    .025    .025    .100    .100    .100    .100
         .100    .100    .100    .100
 46      .100    .100    .100    .100    .100    .100    .100    .100
         .100    .100    .100    .100    .100    .100    .100    .100
         .100    .100    .100    .100    .100    .060    .060    .060
         .025    .025    .100    .100    .100    .100    .100    .100
         .100    .100    .100    .100
 47      .100    .100    .100    .100    .100    .100    .100    .100
         .100    .100    .100    .100    .100    .100    .100    .100
         .100    .100    .100    .100    .100    .100    .100    .060
         .025    .100    .100    .100    .100    .100    .100    .100
         .100    .100    .100    .100
 48      .100    .100    .100    .100    .100    .100    .100    .100
         .100    .100    .100    .100    .100    .100    .100    .100
         .100    .100    .100    .100    .100    .100    .100    .100
         .100    .100    .100    .100    .100    .100    .100    .100
         .100    .100    .100    .100
